8 .
iic. 111: cap. 2, fr. 22; cap. 5, cl :c cap. isc, 883

lib. V: cap. 1, fr. 4.,
hac in¹ enumeratione componere dubitavi, quod, utrum re
vera historici an cum verbo altero cofiiuncti fuerint, hcdie
· discerni non iam potest.

Apud Tacitum infinitivi historici reperiuntur: ,
Agr. 18(bis); 19, 20, 21, 27, 34, 36 (hle) 37, 38,
Germ. 7, 33,

Hist. I: 23, 35, 36, 45, 46, 50, 51, 52, 62, 65, 68, 71,

72, 81, 85, 89,

ΙΙ,5,,612, 18, 19 22 23 28 29 30 354142
46, 52, 54, 56, 70, 78, 80, 82, 84, 93, 94,

III: 10, 17, 18, 25, 31 (518), 33, 36, 48, 49,50, 53,
55, 58, 60, 62, 63, 73, 76, 84,

lV: 1, 2, 11, 12, 16, 20, 29, 34, 42, 46, 49, 54,
55, 62, 67, 70, 80, 81, 83, 84,

V: 15, 22,

Ann: Ι· 2,3,,45 ·7,1·1 ,1,6 19,21· 25· ,28(bis); 31,
34, 40, 46, 65, 70, ·71;

ΙΙ, 4, 5, 23, 29, 31, 39, 40, 43,52, 55ῑ57,59, 64,

III: 20, 26, 42, 45, 46,

IV: 2, 12, 25, 28, 48, 49 (518), 50, 51, 54, 55, 60,

68, 69, 70, 74,

V: 4,

VI: 17, 19, 21, 26, 32, 33, 34, 35, 43, 44, 50,

XI: 9, 12, 16, 28, 31, 34, 37,

XII: 1, 2, 3, 4393123143153343353423443463

47, 51, 54, 65, 68,
XIII: 3, 13,14, 15, 18, 19, 35, 37, 40, 43, 44, 45
46, 57,

XIV: 3, 5, 8, 10314315(bis);16;23;

XV: 11, 123 13, 16, 27, 37, 38, 40, 51, 58, 71,

XVI: 5, 13, 19.

 

